NAME: A-n32-k5 OPTIMAL_SOLUTION: 784.0  OBJECTIVE FUNCTION: 801.0  GAP: 2.1683673469387754  ROUTES: 5  RUN_TIME: 140.09311149999849Routes [[26, 13, 17, 19, 31, 21, 16], [12, 1, 7, 24, 27], [20, 5, 25, 10, 15, 22, 9, 8, 18, 29], [6, 2, 3, 23, 4, 11, 28, 14], [30]]
NAME: A-n33-k5 OPTIMAL_SOLUTION: 661.0  OBJECTIVE FUNCTION: 714.0  GAP: 8.018154311649017  ROUTES: 5  RUN_TIME: 150.86247939999885Routes [[24, 2, 32, 13, 8, 7, 20], [26, 5, 27, 25, 30, 10, 12], [4, 17, 9, 3, 16, 15], [11, 6, 19, 14, 21, 1, 31, 29], [22, 18, 28, 23]]
NAME: A-n33-k6 OPTIMAL_SOLUTION: 742.0  OBJECTIVE FUNCTION: 808.0  GAP: 8.89487870619946  ROUTES: 6  RUN_TIME: 159.3093144000013Routes [[32, 10, 12, 25], [21, 16, 30, 27, 31, 23, 24], [28, 5, 8, 4, 26, 22], [3, 2, 15, 9, 20, 19, 7], [14, 1, 18, 6, 13], [11, 29, 17]]
NAME: A-n34-k5 OPTIMAL_SOLUTION: 778.0  OBJECTIVE FUNCTION: 882.0  GAP: 13.367609254498714  ROUTES: 5  RUN_TIME: 160.8415832000028Routes [[20, 33, 16, 2, 15, 24, 30, 5], [26, 4, 22, 12, 3, 9, 18], [10, 32, 28, 25, 31, 17, 19, 11], [27, 1, 23, 8, 29, 14], [21, 13, 6, 7]]
NAME: A-n36-k5 OPTIMAL_SOLUTION: 799.0  OBJECTIVE FUNCTION: 858.0  GAP: 7.3842302878598245  ROUTES: 5  RUN_TIME: 178.24240429999918Routes [[16, 11, 24, 21, 18, 29, 32, 1], [27, 22, 13, 17, 30, 33, 31, 19, 4, 6, 12], [15, 8, 35, 2, 23, 3, 28, 25], [5, 9, 14, 34, 20], [26, 7, 10]]
NAME: A-n37-k5 OPTIMAL_SOLUTION: 669.0  OBJECTIVE FUNCTION: 751.0  GAP: 12.25710014947683  ROUTES: 5  RUN_TIME: 186.18868420000217Routes [[34, 30, 25, 35, 18, 26, 31, 28, 32, 29], [13, 33, 6, 2, 19, 20, 23, 14], [1, 10, 12, 17, 24, 9, 11, 27, 8, 3], [15, 7, 4, 5, 22, 16, 21], [36]]
NAME: A-n37-k6 OPTIMAL_SOLUTION: 949.0  OBJECTIVE FUNCTION: 993.0  GAP: 4.636459430979979  ROUTES: 6  RUN_TIME: 199.2155638999975Routes [[14, 4, 18, 20, 1, 3, 5, 8, 6], [33, 9, 21, 2, 28, 23, 12, 11], [25, 35, 32, 27], [26, 22, 10, 30, 15], [13, 19, 31, 34, 17], [7, 16, 24, 29, 36]]
NAME: A-n38-k5 OPTIMAL_SOLUTION: 730.0  OBJECTIVE FUNCTION: 797.0  GAP: 9.178082191780822  ROUTES: 5  RUN_TIME: 199.03839349999907Routes [[24, 2, 13, 15, 36, 17, 8, 9], [21, 10, 30, 12, 3, 26, 23, 35, 33], [14, 1, 4, 16, 25, 6, 19, 18], [29, 34, 28, 31, 37, 20, 32], [7, 5, 11, 27, 22]]
NAME: A-n39-k5 OPTIMAL_SOLUTION: 822.0  OBJECTIVE FUNCTION: 1032.0  GAP: 25.547445255474454  ROUTES: 5  RUN_TIME: 212.82983039999817Routes [[25, 4, 6, 36, 28, 13, 30], [14, 21, 8, 26, 32, 22, 3, 7, 16], [5, 2, 24, 15, 18], [11, 17, 27, 34, 37, 35, 10, 29, 20, 31], [9, 12, 38, 1, 23, 33, 19]]
NAME: A-n39-k6 OPTIMAL_SOLUTION: 831.0  OBJECTIVE FUNCTION: 989.0  GAP: 19.01323706377858  ROUTES: 6  RUN_TIME: 218.57909449999715Routes [[17, 23, 21, 18, 22, 34, 27, 10, 16, 7], [29, 28, 9, 26, 36, 1, 6], [3, 4, 19, 33, 12, 38, 5], [37, 31, 14, 35, 25, 2, 8, 32, 20, 30], [11, 13], [24, 15]]
NAME: A-n44-k6 OPTIMAL_SOLUTION: 937.0  OBJECTIVE FUNCTION: 1003.0  GAP: 7.043756670224119  ROUTES: 6  RUN_TIME: 282.1814662999968Routes [[41, 14, 36, 6, 3, 17, 4], [26, 10, 37, 42, 32, 21, 5, 24, 33, 15], [2, 22, 9, 38, 13, 43, 25], [31, 39, 30, 23, 40, 29], [12, 1, 35, 18, 20, 16, 11, 34], [8, 19, 27, 28, 7]]
NAME: A-n45-k7 OPTIMAL_SOLUTION: 1146.0  OBJECTIVE FUNCTION: 1251.0  GAP: 9.162303664921465  ROUTES: 7  RUN_TIME: 299.71327679999376Routes [[21, 3, 43, 41, 36, 19, 31, 8, 38], [24, 44, 27, 11, 28, 6, 2], [9, 22, 5, 29, 33], [18, 7, 20, 16, 13, 32, 35, 39], [12, 14, 30, 37, 1, 42, 25], [10, 15, 23, 17, 40], [4, 26, 34]]
NAME: A-n46-k7 OPTIMAL_SOLUTION: 914.0  OBJECTIVE FUNCTION: 1041.0  GAP: 13.89496717724289  ROUTES: 7  RUN_TIME: 313.6360765000063Routes [[13, 4, 3, 44, 25, 12, 33, 38], [30, 2, 37, 22, 32, 5], [23, 14, 26, 43, 6, 45, 9], [20, 27, 1, 40, 34, 31, 29, 41, 21, 28], [36, 39, 7, 10, 18, 35, 8, 11], [19, 15, 24, 16, 42], [17]]
NAME: A-n48-k7 OPTIMAL_SOLUTION: 1073.0  OBJECTIVE FUNCTION: 1329.0  GAP: 23.85834109972041  ROUTES: 7  RUN_TIME: 344.98226550000254Routes [[14, 6, 1, 5, 12], [47, 16, 28, 30, 10, 2], [33, 46, 21, 4, 24, 34, 22, 43, 31, 23], [7, 20, 39, 8, 15, 42, 11, 13, 29, 32], [36, 37, 3, 25, 19, 38, 44], [18, 35, 40, 45, 27, 26, 9], [17, 41]]
NAME: A-n53-k7 OPTIMAL_SOLUTION: 1010.0  OBJECTIVE FUNCTION: 1259.0  GAP: 24.653465346534652  ROUTES: 7  RUN_TIME: 412.0145244999949Routes [[8, 30, 2, 36, 43, 45, 12, 7], [28, 22, 48, 16, 32, 15, 19, 23, 42, 50, 1], [27, 38, 40, 26, 10, 49, 29, 44, 4, 25], [20, 35, 18, 37, 46, 51, 31], [6, 33, 34, 41, 17, 9], [11, 24, 52, 13, 21, 39], [3, 5, 14, 47]]
NAME: A-n54-k7 OPTIMAL_SOLUTION: 1167.0  OBJECTIVE FUNCTION: 1411.0  GAP: 20.908311910882603  ROUTES: 7  RUN_TIME: 438.27945990000444Routes [[28, 18, 5, 7, 50, 39, 49, 1, 15, 20], [4, 16, 13, 38, 17, 43], [23, 29, 36, 45, 26, 21, 9, 10, 35], [6, 11, 44, 33, 3, 22, 46], [27, 12, 31, 40, 48, 37, 24, 51, 30], [52, 34, 41, 25, 47, 42, 2, 14, 32], [53, 19, 8]]
NAME: A-n55-k9 OPTIMAL_SOLUTION: 1073.0  OBJECTIVE FUNCTION: 1376.0  GAP: 28.238583410997204  ROUTES: 9  RUN_TIME: 476.3730383000002Routes [[54, 44, 35, 49, 47, 38, 40], [41, 30, 11, 15, 16, 53, 36], [48, 50, 23, 52, 24, 22, 7, 4], [18, 6, 1, 43, 9, 39, 10], [25, 19, 27, 13, 28, 29], [45, 32, 8], [21, 12, 5, 51, 2, 17, 33], [14, 46, 20, 26, 31, 42], [34, 3, 37]]
NAME: A-n60-k9 OPTIMAL_SOLUTION: 1354.0  OBJECTIVE FUNCTION: 1790.0  GAP: 32.20088626292467  ROUTES: 9  RUN_TIME: 560.1667337000035Routes [[19, 22, 10, 54, 5, 12, 15, 8, 37, 27, 20], [16, 33, 13, 29, 57, 17], [43, 56, 32, 36, 30, 49, 31, 24, 2, 18], [42, 45, 53, 3, 46], [1, 44, 28, 21, 4, 11, 40], [48, 9, 51, 39, 50], [41, 38, 7, 59, 52], [14, 47, 23, 58, 26, 55, 35], [25, 6, 34]]
NAME: A-n62-k8 OPTIMAL_SOLUTION: 1288.0  OBJECTIVE FUNCTION: 1627.0  GAP: 26.319875776397517  ROUTES: 8  RUN_TIME: 583.4316666000013Routes [[38, 54, 42, 47, 39, 27, 41, 25, 31, 5, 13], [10, 61, 43, 50, 17, 35, 11, 34, 60, 14, 44, 22, 53], [1, 45, 24, 23, 21, 4, 49, 18], [29, 58, 33, 26, 55, 59, 12], [51, 8, 57, 32, 6, 40, 20, 7, 28], [19, 30, 9, 3, 46, 2], [15, 52, 37, 16, 36], [48, 56]]
NAME: A-n63-k10 OPTIMAL_SOLUTION: 1314.0  OBJECTIVE FUNCTION: 1621.0  GAP: 23.363774733637747  ROUTES: 10  RUN_TIME: 637.6807943999956Routes [[48, 20, 13, 38, 30, 43], [40, 25, 15, 49, 19, 42, 3, 39, 1, 41, 7, 29], [58, 33, 27, 8, 61, 21], [18, 35, 6, 12, 9, 45, 5, 59], [23, 54, 22, 51, 47, 34, 11, 44, 50, 62], [31, 60, 2, 14, 53], [17, 37, 16, 56], [46, 55, 24], [36, 4, 26, 32, 57, 28], [10, 52]]
NAME: A-n63-k9 OPTIMAL_SOLUTION: 1616.0  OBJECTIVE FUNCTION: 2083.0  GAP: 28.898514851485146  ROUTES: 9  RUN_TIME: 627.3536499000038Routes [[10, 6, 35, 22, 21, 58, 57, 47, 43, 31, 52], [56, 15, 41, 3, 25], [26, 44, 53, 4, 18, 1, 46, 19], [28, 17, 62, 23, 9, 42, 13], [55, 32, 40, 14, 50, 51, 37, 7], [12, 36, 24, 59, 29], [61, 48, 49, 8, 45, 54], [34, 2, 30, 5, 27, 38, 39], [20, 60, 16, 33, 11]]
NAME: A-n64-k9 OPTIMAL_SOLUTION: 1401.0  OBJECTIVE FUNCTION: 1636.0  GAP: 16.773733047822983  ROUTES: 9  RUN_TIME: 641.5851488999979Routes [[6, 10, 52, 60, 16, 8, 47, 2, 58, 63, 46], [24, 5, 50, 49, 59], [18, 14, 35, 26, 21, 7, 36, 40, 44, 39, 31, 55, 9], [38, 3, 30, 17, 43, 28, 27], [20, 23, 37, 34, 4, 54, 13, 41], [62, 19, 42], [56, 61, 32, 51, 53, 48, 45], [15, 11, 57, 1, 12, 22], [33, 29, 25]]
NAME: A-n65-k9 OPTIMAL_SOLUTION: 1174.0  OBJECTIVE FUNCTION: 1692.0  GAP: 44.122657580919935  ROUTES: 9  RUN_TIME: 678.6177383999966Routes [[17, 49, 20, 8, 33, 57, 48, 11], [28, 12, 59, 56, 44, 52, 19, 32], [55, 25, 53, 40, 10, 18], [30, 16, 41, 2, 58, 5], [22, 14, 29, 61, 42, 38, 50, 35, 15, 43], [26, 27, 3, 36, 4, 37, 60, 45], [7, 63, 54, 39, 46, 6, 51], [64, 31, 9, 34, 47], [21, 24, 13, 1, 23, 62]]
NAME: A-n69-k9 OPTIMAL_SOLUTION: 1159.0  OBJECTIVE FUNCTION: 1616.0  GAP: 39.43054357204487  ROUTES: 9  RUN_TIME: 750.6723706999983Routes [[31, 64, 2, 53, 30, 20, 54, 5, 50, 17, 10, 1, 11, 26], [8, 59, 45, 35, 13, 44, 51, 58], [38, 56, 36, 32, 37], [19, 66, 6, 3, 15, 41, 68, 40, 62, 24], [14, 63, 48, 39, 52], [18, 9, 49, 33, 61, 21, 67, 7], [28, 27, 65, 25, 42, 57, 46, 16], [43, 29, 12, 22, 23], [34, 47, 4, 60, 55]]
NAME: A-n80-k10 OPTIMAL_SOLUTION: 1763.0  OBJECTIVE FUNCTION: 2177.0  GAP: 23.482699943278504  ROUTES: 10  RUN_TIME: 1217.8639638000022Routes [[1, 62, 24, 6, 37, 48, 52, 33], [66, 72, 54, 55, 56, 65, 35, 26, 64, 53, 36, 13, 73], [38, 58, 32, 4, 22, 50, 76, 67], [49, 42, 74, 46, 41, 25, 27, 77, 51], [59, 57, 75, 9, 45, 70], [30, 78, 8, 68, 43, 16, 61, 20, 19, 47, 69, 15], [12, 44, 5, 29, 17, 31, 60, 39], [14, 28, 79, 18, 2, 34], [3, 23, 11, 63, 71, 10], [7, 21, 40]]
NAME: B-n31-k5 OPTIMAL_SOLUTION: 672.0  OBJECTIVE FUNCTION: 704.0  GAP: 4.761904761904762  ROUTES: 5  RUN_TIME: 132.60086379999848Routes [[20, 27, 10, 2, 14, 15, 11, 24, 19, 21], [30, 17, 13, 22, 29, 4], [8, 23, 7, 12, 28, 26], [25, 5, 3, 1, 6, 9], [18, 16]]
NAME: B-n34-k5 OPTIMAL_SOLUTION: 788.0  OBJECTIVE FUNCTION: 843.0  GAP: 6.979695431472082  ROUTES: 5  RUN_TIME: 161.21717720000015Routes [[5, 6, 15, 13, 28, 31, 17, 25, 19], [11, 30, 29, 9, 16], [12, 22, 32, 33, 23, 10, 3], [26, 8, 20, 4, 21, 7, 2], [27, 24, 14, 18, 1]]
NAME: B-n35-k5 OPTIMAL_SOLUTION: 955.0  OBJECTIVE FUNCTION: 992.0  GAP: 3.87434554973822  ROUTES: 5  RUN_TIME: 168.3764671999961Routes [[21, 25, 8, 31, 6, 3, 26, 1, 23, 20, 17], [29, 12, 16, 10, 9, 7], [22, 30, 5, 11, 19, 2, 32, 13], [15, 14, 4, 28, 24, 27, 34], [18, 33]]
NAME: B-n38-k6 OPTIMAL_SOLUTION: 805.0  OBJECTIVE FUNCTION: 815.0  GAP: 1.2422360248447204  ROUTES: 6  RUN_TIME: 208.2219236000019Routes [[7, 5, 12, 24, 29, 34, 8, 17, 36], [25, 27, 4, 18, 33, 23, 16], [3, 13, 37, 35, 2, 30, 19, 9], [14, 15, 1, 10, 20], [31, 6, 22, 11, 32, 28, 21], [26]]
NAME: B-n39-k5 OPTIMAL_SOLUTION: 549.0  OBJECTIVE FUNCTION: 595.0  GAP: 8.378870673952642  ROUTES: 5  RUN_TIME: 208.52367049999884Routes [[29, 34, 20, 6, 18, 13, 10, 7, 9], [38, 26, 2, 33, 24, 21, 37, 23, 30, 16, 22, 5], [15, 11, 12, 1, 25, 32, 17, 36], [3, 28, 4, 35, 27, 31], [14, 19, 8]]
NAME: B-n41-k6 OPTIMAL_SOLUTION: 829.0  OBJECTIVE FUNCTION: 876.0  GAP: 5.669481302774427  ROUTES: 6  RUN_TIME: 245.3406851999971Routes [[19, 13, 20, 23, 32, 8], [24, 35, 2, 3, 18, 21, 37, 9], [25, 26, 27, 38, 39, 4], [6, 11, 33, 34, 28, 17, 14, 1], [29, 12, 10, 40, 30, 15, 5], [31, 22, 7, 16, 36]]
NAME: B-n43-k6 OPTIMAL_SOLUTION: 742.0  OBJECTIVE FUNCTION: 750.0  GAP: 1.078167115902965  ROUTES: 6  RUN_TIME: 265.41959560000396Routes [[33, 20, 21, 5, 18, 19, 14, 28, 37], [10, 1, 23, 2, 8, 12, 38, 39], [31, 36, 15, 16, 7, 17, 9], [26, 42, 34, 6, 24, 22, 3, 11], [13, 30, 29, 32, 25, 27, 40], [4, 35, 41]]
NAME: B-n44-k7 OPTIMAL_SOLUTION: 909.0  OBJECTIVE FUNCTION: 951.0  GAP: 4.62046204620462  ROUTES: 7  RUN_TIME: 291.6098273000025Routes [[41, 8, 42, 30, 22, 38, 11, 9], [10, 23, 7], [4, 26, 24, 39, 14, 36, 2, 5], [1, 3, 31, 27, 35, 20], [15, 43, 33, 12, 28, 25, 40], [17, 19, 32, 13, 37, 34, 21, 6], [18, 29, 16]]
NAME: B-n45-k5 OPTIMAL_SOLUTION: 751.0  OBJECTIVE FUNCTION: 840.0  GAP: 11.8508655126498  ROUTES: 5  RUN_TIME: 279.0295641999983Routes [[5, 12, 16, 33, 19, 26, 11, 25, 20, 35, 38, 3], [17, 31, 24, 27, 14, 18, 44, 34, 7, 32, 1], [28, 42, 40, 6, 21, 4, 29, 8, 41], [22, 43, 10, 30, 36, 23, 39], [37, 15, 2, 13, 9]]
NAME: B-n45-k6 OPTIMAL_SOLUTION: 678.0  OBJECTIVE FUNCTION: 700.0  GAP: 3.2448377581120944  ROUTES: 6  RUN_TIME: 299.22363179999957Routes [[33, 38, 3, 20, 26, 25, 16], [43, 11, 10, 36, 2, 17, 14, 24], [44, 9, 21, 31, 41, 35], [42, 6, 34, 18, 15, 40, 7, 4], [5, 1, 30, 13, 29], [39, 27, 8, 22, 28, 19, 37, 23, 32, 12]]
NAME: B-n50-k7 OPTIMAL_SOLUTION: 741.0  OBJECTIVE FUNCTION: 950.0  GAP: 28.205128205128204  ROUTES: 7  RUN_TIME: 369.59151399999973Routes [[2, 36, 45, 21, 5, 20, 8, 11, 37, 47], [38, 39, 26, 13, 1, 23, 35], [46, 7, 30, 25, 3, 16, 27, 43, 14, 18], [28, 17, 48, 6], [34, 15, 49, 32, 44, 19, 24, 42, 10, 31], [41, 33, 22, 12, 9, 29, 4], [40]]
NAME: B-n51-k7 OPTIMAL_SOLUTION: 1032.0  OBJECTIVE FUNCTION: 1083.0  GAP: 4.941860465116279  ROUTES: 7  RUN_TIME: 387.4981053000083Routes [[8, 12, 37, 32, 31, 27, 41], [26, 42, 13, 34, 38, 2, 10, 5], [48, 33, 19, 3, 35, 1, 15], [23, 50, 45, 47, 46, 25, 30, 24, 22], [21, 44, 20, 9, 49, 17, 40, 36], [11, 43, 4, 14, 28, 7, 6], [16, 18, 29, 39]]
NAME: B-n52-k7 OPTIMAL_SOLUTION: 747.0  OBJECTIVE FUNCTION: 832.0  GAP: 11.378848728246318  ROUTES: 7  RUN_TIME: 396.3607822000049Routes [[35, 43, 7, 5, 8, 10, 6, 30], [48, 9, 16, 46, 13, 15, 19, 34, 32, 38], [26, 49, 17, 22, 50, 12, 23, 45, 4], [40, 3, 31, 24, 28, 11, 21, 39, 14, 2, 33], [42, 20, 18, 1, 36, 25, 41], [47, 44, 29, 27, 51], [37]]
NAME: B-n56-k7 OPTIMAL_SOLUTION: 707.0  OBJECTIVE FUNCTION: 744.0  GAP: 5.233380480905233  ROUTES: 7  RUN_TIME: 463.60355659999186Routes [[35, 32, 11, 55, 20, 31, 30, 54, 34, 2, 13], [46, 8, 28, 40, 44, 14, 17, 10, 19], [43, 51, 23, 50, 22, 38, 9, 12, 5], [25, 1, 52, 48, 36, 49, 33, 3], [53, 6, 24, 41, 37, 15, 7, 18], [45, 29, 42, 47, 39, 4, 26, 21], [16, 27]]
NAME: B-n57-k9 OPTIMAL_SOLUTION: 1598.0  OBJECTIVE FUNCTION: 1894.0  GAP: 18.523153942428035  ROUTES: 9  RUN_TIME: 509.27107570000226Routes [[6, 46, 17, 31, 55, 18, 9], [20, 2, 23, 19, 14, 37, 7, 21], [49, 33, 39, 54, 24, 27, 40], [8, 15, 51, 25, 42, 44, 34, 43, 10], [56, 22, 12, 48, 38, 30], [4, 35, 53, 29, 41, 36, 5], [32, 3, 45, 52, 28, 50], [1, 13, 26, 16, 11], [47]]
NAME: B-n63-k10 OPTIMAL_SOLUTION: 1496.0  OBJECTIVE FUNCTION: 1885.0  GAP: 26.00267379679144  ROUTES: 10  RUN_TIME: 654.1699407999986Routes [[28, 21, 41, 14, 58, 17, 37], [18, 1, 36, 53, 54, 43, 24], [32, 4, 42, 2, 33, 12, 23], [47, 30, 59, 49, 5], [50, 27, 45, 20, 10], [7, 38, 57, 11, 6, 26, 51, 61], [22, 39, 62, 52, 19, 35, 25, 34, 60], [13, 55, 16, 40, 3, 31], [15, 9, 8, 46, 56, 44], [48, 29]]
NAME: B-n64-k9 OPTIMAL_SOLUTION: 861.0  OBJECTIVE FUNCTION: 976.0  GAP: 13.356562137049943  ROUTES: 9  RUN_TIME: 641.4013628999965Routes [[7, 17, 41, 54, 8, 27, 40, 16, 13, 47], [19, 15, 5, 35, 60, 36, 48, 24], [61, 55, 51, 4, 14, 59, 22, 18, 32, 3], [50, 29, 33, 10, 12, 9], [37, 11, 28, 56, 31, 46], [30, 21, 38, 34, 52, 1], [45, 44, 58, 53, 6, 2, 20], [57, 63, 42, 39, 25, 23, 62], [49, 43, 26]]
NAME: B-n66-k9 OPTIMAL_SOLUTION: 1316.0  OBJECTIVE FUNCTION: 1625.0  GAP: 23.480243161094226  ROUTES: 9  RUN_TIME: 686.2484487000038Routes [[18, 61, 37, 44, 36, 14, 29, 33], [55, 32, 58, 40, 8, 65, 15, 4], [27, 39, 3, 60, 21, 46, 63, 64, 25, 43, 19], [52, 51, 34, 22, 56, 57], [2, 10, 26, 59, 48, 50, 30], [9, 49, 6, 62, 16, 35, 13, 45], [47, 28, 7, 38, 31, 11, 1], [41, 20, 53, 54, 23, 17], [42, 5, 12, 24]]
NAME: B-n67-k10 OPTIMAL_SOLUTION: 1032.0  OBJECTIVE FUNCTION: 1481.0  GAP: 43.507751937984494  ROUTES: 10  RUN_TIME: 732.04922049999Routes [[61, 30, 3, 60, 6, 1, 46, 64], [31, 38, 7, 20, 14, 4, 42, 44], [12, 45, 22, 15, 21, 62, 57, 63], [39, 40, 34, 36, 11, 10, 16], [17, 49, 35, 19, 59, 51, 66], [5, 28, 13, 58, 55, 48], [9, 25, 56, 54, 52, 27, 2, 26, 18], [33, 65, 37, 8, 23, 32], [53, 50, 29, 24, 43, 41], [47]]
NAME: B-n68-k9 OPTIMAL_SOLUTION: 1272.0  OBJECTIVE FUNCTION: 1678.0  GAP: 31.91823899371069  ROUTES: 9  RUN_TIME: 735.2273541999893Routes [[39, 25, 15, 56, 64, 60, 61, 34, 44, 30, 5], [35, 46, 59, 52, 51, 22, 37, 41, 33], [31, 26, 49, 2], [17, 57, 8, 10, 67, 29, 42], [38, 23, 11, 36, 58, 24, 18, 28, 6, 32], [19, 55, 3, 1, 12, 45, 9, 48, 21], [7, 43, 62, 14, 54, 16, 20], [27, 66, 13, 65, 47, 4], [50, 40, 53, 63]]
NAME: B-n78-k10 OPTIMAL_SOLUTION: 1221.0  OBJECTIVE FUNCTION: 1519.0  GAP: 24.406224406224407  ROUTES: 10  RUN_TIME: 1018.8044108000031Routes [[25, 28, 19, 4, 13, 39, 50, 30, 17], [5, 7, 32, 31, 46, 45, 51, 71, 8], [22, 3, 20, 54, 62, 68, 10, 16, 60], [18, 59, 35, 48, 74], [23, 26, 11, 53, 41, 14, 36, 9, 33, 55, 61, 6, 66, 58], [67, 57, 29, 70, 37, 75, 47], [15, 12, 34, 73, 76, 65], [1, 21, 56, 27, 49, 63, 2], [72, 43, 24, 77, 44, 64, 40, 42], [38, 69, 52]]
NAME: F-n72-k4 OPTIMAL_SOLUTION: 237.0  OBJECTIVE FUNCTION: 305.0  GAP: 28.691983122362867  ROUTES: 4  RUN_TIME: 734.6019019000087Routes [[26, 25, 28, 27, 42, 46, 44, 43, 53, 45, 52, 48, 47, 50, 51, 70, 49, 54, 14, 19, 2, 13, 16, 12, 71, 10, 8, 7, 9, 4, 3, 5], [20, 22, 21, 30, 29, 23, 24, 34, 36, 35, 18, 6, 17, 15, 61, 58, 63, 64, 65, 66, 67, 69, 37, 38, 40, 68, 59, 57, 41, 55], [33, 60, 62, 39, 56, 32, 31], [11, 1]]
NAME: M-n101-k10 OPTIMAL_SOLUTION: 820.0  OBJECTIVE FUNCTION: 978.0  GAP: 19.26829268292683  ROUTES: 10  RUN_TIME: 1956.629002799993Routes [[43, 47, 41, 59, 54, 56, 58, 60, 48, 51, 52, 29], [33, 32, 31, 35, 37, 38, 39, 36, 34], [3, 8, 10, 23, 26, 28, 30, 27, 24, 25, 22, 21, 20], [5, 9, 6, 4, 1, 2, 99, 100, 97, 96, 98, 75], [86, 82, 81, 78, 76, 71, 70, 73, 77, 79, 80, 72, 61], [67, 65, 63, 69, 66, 62, 74, 83, 87, 90], [13, 17, 18, 19, 15, 16, 14, 12, 11], [95, 93, 92, 94, 85, 84, 88, 89, 91], [64, 68, 55, 53, 57, 40, 42, 44, 45, 46, 50, 49], [7]]
NAME: M-n121-k7 OPTIMAL_SOLUTION: 1034.0  OBJECTIVE FUNCTION: 1533.0  GAP: 48.25918762088975  ROUTES: 7  RUN_TIME: 2669.6177864000056Routes [[102, 101, 100, 116, 52, 53, 55, 58, 60, 56, 79, 78, 76, 73, 69, 107, 106, 105, 120, 119, 88], [111, 112, 84, 113, 6, 7, 9, 17, 20, 26, 32, 34, 36, 29, 44, 48, 43, 42, 41, 38], [89, 93, 115, 39, 59, 57, 61, 62, 64, 63, 66, 65, 51, 50, 46, 49], [18, 1, 10, 15, 8, 12, 16, 19, 33, 35, 23, 14, 4, 109, 117], [82, 81, 87, 92, 90, 114, 118, 83, 2, 3, 5, 11, 13, 108, 97, 95], [103, 68, 54, 40, 45, 47, 37, 28, 31, 30, 27, 24, 22, 25, 21, 94, 91, 85, 86], [96, 110, 98, 77, 80, 72, 75, 74, 71, 70, 67, 104, 99]]
NAME: M-n151-k12 OPTIMAL_SOLUTION: 1015.0  OBJECTIVE FUNCTION: 1840.0  GAP: 81.2807881773399  ROUTES: 12  RUN_TIME: 4666.796273400003Routes [[80, 29, 25, 110, 21, 22, 144, 87, 97, 60, 5, 113, 38, 119, 37, 92, 91, 17, 46], [105, 147, 99, 82, 124, 45, 125, 61, 142, 115, 41, 139, 130], [95, 140, 86, 84, 83, 114, 8, 19, 107, 11, 63, 70, 18, 89], [31, 103, 9, 129, 116, 102, 1, 85, 36, 123, 148], [111, 77, 33, 34, 135, 35, 65, 66, 32, 90, 126, 62, 7, 127], [54, 134, 24, 55, 4, 39, 67, 23, 75, 117, 93, 6], [94, 96, 104, 98, 42, 43, 44, 141, 16, 118, 106, 88], [48, 47, 143, 49, 64, 131, 128, 20, 122, 30, 108], [27, 52, 14, 145, 28, 79, 78, 81, 120, 136, 71, 51, 132, 69], [40, 26, 149, 109, 12, 150, 68, 121, 3, 76, 50, 101, 10, 146], [138, 53, 13, 59, 100, 15, 57, 74, 133, 56, 72, 73, 2, 137], [112, 58]]
NAME: P-n101-k4 OPTIMAL_SOLUTION: 681.0  OBJECTIVE FUNCTION: 934.0  GAP: 37.15124816446402  ROUTES: 4  RUN_TIME: 1719.7514333Routes [[28, 13, 41, 22, 56, 23, 67, 39, 25, 55, 4, 54, 80, 68, 76, 77, 79, 33, 69, 70, 64, 49, 36, 47, 46, 45], [27, 52, 89, 95, 59, 98, 85, 91, 44, 38, 86, 16, 61, 17, 18, 82, 7, 62, 11, 63, 30, 51, 81, 29, 24, 3], [87, 97, 92, 93, 37, 14, 42, 43, 15, 57, 2, 73, 74, 75, 72, 21, 40, 26, 12, 50, 78, 34, 9, 35, 71, 65, 66, 20, 32, 90, 1], [53, 58, 94, 6, 96, 99, 100, 84, 5, 60, 83, 8, 48, 19, 10, 88, 31]]
NAME: P-n16-k8 OPTIMAL_SOLUTION: 450.0  OBJECTIVE FUNCTION: 450.0  GAP: 0.0  ROUTES: 8  RUN_TIME: 43.20759959999123Routes [[13, 9, 7], [2], [11, 4], [15, 12, 10], [6], [1, 3], [14, 5], [8]]
NAME: P-n19-k2 OPTIMAL_SOLUTION: 212.0  OBJECTIVE FUNCTION: 212.0  GAP: 0.0  ROUTES: 2  RUN_TIME: 45.87569309999526Routes [[4, 11, 14, 12, 3, 17, 16, 8, 6], [1, 10, 2, 7, 9, 15, 13, 5, 18]]
NAME: P-n20-k2 OPTIMAL_SOLUTION: 216.0  OBJECTIVE FUNCTION: 217.0  GAP: 0.4629629629629629  ROUTES: 2  RUN_TIME: 50.34523479999916Routes [[1, 10, 13, 8, 17, 18, 3, 12, 15, 11, 4], [6, 2, 7, 9, 16, 14, 5, 19]]
NAME: P-n21-k2 OPTIMAL_SOLUTION: 211.0  OBJECTIVE FUNCTION: 217.0  GAP: 2.843601895734597  ROUTES: 2  RUN_TIME: 55.14470029999211Routes [[6, 20, 5, 14, 17, 9, 13, 7, 2, 1], [16, 10, 8, 18, 19, 3, 12, 15, 11, 4]]
NAME: P-n22-k2 OPTIMAL_SOLUTION: 216.0  OBJECTIVE FUNCTION: 216.0  GAP: 0.0  ROUTES: 2  RUN_TIME: 60.14617659999931Routes [[20, 5, 14, 17, 21, 9, 13, 2, 7, 6], [16, 1, 10, 8, 18, 19, 3, 12, 15, 11, 4]]
NAME: P-n40-k5 OPTIMAL_SOLUTION: 458.0  OBJECTIVE FUNCTION: 516.0  GAP: 12.663755458515283  ROUTES: 5  RUN_TIME: 220.82874250000168Routes [[5, 39, 33, 15, 37, 17, 19, 13, 25], [26, 31, 28, 3, 36, 35, 20, 2, 22], [32, 11, 16, 29, 21, 34, 30, 10, 9, 38], [12, 4, 18, 14, 24, 6, 27], [23, 7, 8, 1]]
NAME: P-n45-k5 OPTIMAL_SOLUTION: 510.0  OBJECTIVE FUNCTION: 559.0  GAP: 9.607843137254903  ROUTES: 5  RUN_TIME: 281.6156409999967Routes [[12, 37, 33, 39, 10, 30, 34, 21, 29, 9], [27, 6, 4, 13, 41, 19, 40, 42, 44, 15, 17], [5, 38, 16, 20, 35, 36, 3, 2], [18, 25, 14, 24, 43, 7, 23], [8, 26, 31, 28, 22, 1, 32, 11]]
NAME: P-n50-k10 OPTIMAL_SOLUTION: 696.0  OBJECTIVE FUNCTION: 802.0  GAP: 15.229885057471265  ROUTES: 10  RUN_TIME: 405.59861829999136Routes [[48, 47, 36, 20, 35, 7], [4, 33, 1, 22, 29], [30, 21, 28, 6], [16, 49, 23, 41, 42, 43, 2], [5, 37, 15, 8, 34, 26], [40, 10, 31, 39], [46, 19, 13, 27, 45], [14, 11, 38], [12, 9, 25, 18, 24], [17, 3, 44, 32]]
NAME: P-n50-k7 OPTIMAL_SOLUTION: 554.0  OBJECTIVE FUNCTION: 681.0  GAP: 22.92418772563177  ROUTES: 7  RUN_TIME: 364.0385257000016Routes [[7, 11, 35, 13, 15, 20, 36, 47, 29], [6, 1, 22, 42, 41, 43, 23, 49, 24, 18], [8, 19, 14, 10, 31, 25, 17], [38, 39, 9, 32, 44, 3, 16], [28, 21, 37, 5, 48, 45, 27], [40, 33, 2, 30, 4], [34, 46, 26, 12]]
NAME: P-n51-k10 OPTIMAL_SOLUTION: 741.0  OBJECTIVE FUNCTION: 878.0  GAP: 18.488529014844804  ROUTES: 10  RUN_TIME: 426.73609189999115Routes [[2, 3, 31, 8], [43, 24, 47, 12, 17], [32, 20, 35, 36, 29, 21], [11, 50, 30, 9, 38, 46], [6, 23, 7, 26, 28, 22], [25, 13, 41], [4, 19, 40, 42, 44, 15, 37, 1], [18, 14, 48], [45, 33, 39, 10, 5], [27, 16, 34, 49]]
NAME: P-n55-k10 OPTIMAL_SOLUTION: 694.0  OBJECTIVE FUNCTION: 791.0  GAP: 13.976945244956774  ROUTES: 10  RUN_TIME: 487.14362919999985Routes [[1, 49, 24, 18, 50, 32], [48, 47, 36, 22, 42, 41, 43, 23], [4, 46, 40, 17], [30, 21, 5, 37, 20, 15], [12, 39, 31, 25, 9, 51], [44, 3, 16, 33, 6, 26], [2, 28, 29, 45, 27], [52, 13, 54, 19, 14, 53], [10, 38, 11, 35, 7], [8, 34]]
NAME: P-n55-k7 OPTIMAL_SOLUTION: 568.0  OBJECTIVE FUNCTION: 685.0  GAP: 20.598591549295776  ROUTES: 7  RUN_TIME: 444.5170976000081Routes [[51, 3, 16, 49, 24, 18, 25, 31, 10, 26], [33, 22, 28, 2, 4, 27, 46], [30, 29, 48, 36, 5, 15, 13, 54, 52, 35, 7], [20, 37, 47, 21, 1, 43, 42, 41, 23, 6], [40, 44, 32, 50, 9, 39, 12], [8, 19, 14, 53, 11, 38, 17], [45, 34]]
NAME: P-n55-k8 OPTIMAL_SOLUTION: 588.0  OBJECTIVE FUNCTION: 690.0  GAP: 17.346938775510203  ROUTES: 7  RUN_TIME: 446.11654499999713Routes [[15, 20, 37, 36, 21, 1, 43, 41, 23, 16], [4, 5, 30, 2, 28, 22, 42, 49], [48, 47, 29, 45, 27, 52, 34, 46], [8, 13, 54, 19, 14, 11, 35, 26], [33, 24, 18, 50, 25, 32, 44, 3], [7, 53, 38, 10, 31, 9, 39], [6, 51, 17, 40, 12]]
NAME: P-n60-k10 OPTIMAL_SOLUTION: 744.0  OBJECTIVE FUNCTION: 912.0  GAP: 22.58064516129032  ROUTES: 10  RUN_TIME: 587.3207201000041Routes [[6, 16, 33, 20, 57, 52], [21, 47, 36, 59, 42, 43, 23], [40, 18, 24, 49, 56, 41], [45, 29, 15, 37, 5, 48, 30], [34, 8, 54, 14, 11], [17, 12, 39, 9, 32, 3], [51, 44, 50, 25, 55, 31, 7], [2, 1, 22, 28, 4], [27, 13, 19, 53, 35, 46], [38, 10, 58, 26]]
NAME: P-n60-k15 OPTIMAL_SOLUTION: 968.0  OBJECTIVE FUNCTION: 1108.0  GAP: 14.46280991735537  ROUTES: 15  RUN_TIME: 653.48572099999Routes [[15, 20, 54, 19, 34], [39, 25, 55, 18, 32], [23, 41, 22, 28, 37], [1, 43, 42, 56, 49], [48, 47, 36, 21], [40, 11, 35], [2, 16, 51, 17], [9, 31, 10], [3, 24, 50, 44], [46, 13, 57, 27], [6, 33, 4], [45, 29, 5, 30], [53, 59, 14], [26, 38, 58, 12], [7, 8, 52]]
NAME: P-n65-k10 OPTIMAL_SOLUTION: 792.0  OBJECTIVE FUNCTION: 1019.0  GAP: 28.66161616161616  ROUTES: 10  RUN_TIME: 686.0105702000001Routes [[52, 13, 54, 19, 35, 14, 31], [23, 43, 41, 42, 28, 48, 4], [40, 3, 49, 24, 44, 39, 25, 55], [12, 9, 32, 50, 18, 16], [6, 63, 56, 64, 45, 27, 15], [62, 21, 61, 22, 1, 33, 51], [7, 53, 38, 10, 58, 17], [26, 11, 59, 8, 46], [57, 37, 20, 60, 36, 47, 5, 29], [34, 30, 2]]
NAME: P-n70-k10 OPTIMAL_SOLUTION: 827.0  OBJECTIVE FUNCTION: 1088.0  GAP: 31.559854897218862  ROUTES: 10  RUN_TIME: 821.2341683999985Routes [[40, 3, 4, 30, 37, 15, 54], [26, 58, 66, 65, 38, 31], [35, 19, 57, 60, 69, 61, 64, 28], [51, 32, 50, 9, 39, 10], [48, 21, 63, 23, 49, 24, 18, 55, 25], [53, 11, 59, 14, 27], [45, 29, 5, 47, 36, 20, 52], [1, 43, 56, 41, 42, 22, 2], [67, 34, 46, 13, 8, 7, 12], [17, 44, 16, 33, 62, 6, 68]]
NAME: P-n76-k4 OPTIMAL_SOLUTION: 593.0  OBJECTIVE FUNCTION: 728.0  GAP: 22.765598650927487  ROUTES: 4  RUN_TIME: 832.1154423999978Routes [[68, 6, 16, 49, 24, 18, 50, 25, 31, 65, 66, 59, 38, 10, 58, 72, 40, 17], [51, 63, 43, 56, 23, 3, 44, 32, 55, 9, 39, 12, 7, 35, 8, 46, 27, 52, 34, 67], [26, 53, 11, 14, 19, 54, 13, 57, 15, 37, 20, 70, 60, 5, 29, 48, 30, 45, 75], [4, 2, 74, 28, 21, 47, 36, 71, 69, 61, 62, 22, 64, 42, 41, 1, 73, 33]]
NAME: P-n76-k5 OPTIMAL_SOLUTION: 627.0  OBJECTIVE FUNCTION: 831.0  GAP: 32.535885167464116  ROUTES: 5  RUN_TIME: 842.9151063000027Routes [[75, 30, 45, 57, 15, 20, 70, 60, 71, 69, 36, 37, 47, 49, 3, 9, 31, 58, 72], [17, 12, 40, 44, 32, 50, 18, 55, 25, 39, 10, 38, 65, 53, 35], [26, 7, 11, 66, 59, 14, 19, 8, 54, 13, 27, 52, 34], [6, 63, 24, 56, 41, 64, 42, 43, 1, 2, 21, 5, 48, 68], [4, 29, 74, 28, 61, 22, 62, 73, 33, 23, 16, 51, 46, 67]]
NAME: X-n106-k14 OPTIMAL_SOLUTION: 26362.0  OBJECTIVE FUNCTION: 29584.0  GAP: 12.222137925802292  ROUTES: 14  RUN_TIME: 2390.7562125999975Routes [[27, 41, 55, 23, 3, 42, 32, 20], [38, 6, 81, 50, 80, 61, 68], [51, 103, 74, 66, 90, 102, 22], [25, 56, 47, 39, 65, 35, 48, 83, 78], [73, 30, 98, 70, 4, 89, 95, 79], [59, 16, 86, 69, 77, 54, 31, 63, 96], [33, 52, 46, 97, 93, 28, 101, 104], [45, 15, 53, 43, 76, 60, 44, 5], [100, 34, 99, 67, 40, 13, 72], [2, 17, 105, 8, 36, 58, 14, 49], [19, 10, 18, 88, 91, 64, 94, 57], [92, 12, 9, 37, 84, 7, 24], [87, 71, 85, 21, 11, 29, 82], [62, 26, 75, 1]]
NAME: X-n110-k13 OPTIMAL_SOLUTION: 14971.0  OBJECTIVE FUNCTION: 20005.0  GAP: 33.62500834947566  ROUTES: 13  RUN_TIME: 2518.1706990999955Routes [[38, 78, 44, 81, 73, 72, 62, 8], [69, 25, 56, 99, 65, 88, 75, 21], [18, 103, 76, 9, 15, 66, 89, 14], [39, 28, 31, 27, 59, 95, 96, 41, 12], [54, 43, 64, 60, 61, 22, 83, 55, 4], [52, 40, 47, 86, 35, 7, 37, 94, 23], [5, 45, 34, 106, 42, 97, 108, 49], [58, 68, 50, 17, 36, 104, 93, 80, 71], [6, 109, 84, 24, 101, 33, 102, 2, 30], [77, 87, 26, 53, 98, 11, 85, 51, 46], [91, 67, 29, 16, 13, 100, 10, 63, 19], [48, 57, 82, 107, 70, 90, 1], [79, 32, 74, 20, 92, 105, 3]]
